% Tue 15 Aug 14:38:12 CEST 2023
function c=colormap_kop()
	c = [0,0,0;
             229,88,0;
	     75,0,229]/255;
end

