function c = colormap_vegetation2()
	c = [1,1,0.25;
	     0.25,0.5,0.25];
	c =[1,1,0.6;
	    0.32,0.48,0.32];
	c =[1,1,0.6;
	    0.24,0.36,0.24];
	c =[1,1,0.6;
	    0.05,0.3,0.05];
	c =[1,1,0.6;
	    0.05,0.25,0.05];
end

